time_step,occupancy
1000,0
2000,0
3000,0
4000,0
5000,0
6000,0
7000,0
8000,0
9000,0
10000,0
11000,0
12000,0
13000,0
14000,0
15000,0
16000,0
17000,0
18000,0
19000,0
20000,0
21000,0
22000,0
23000,1
24000,1
25000,1
26000,1
27000,1
28000,1
29000,1
30000,1
31000,1
32000,1
33000,1
34000,1
35000,1
36000,1
37000,1
38000,1
39000,1
40000,1
41000,1
42000,1
43000,1
44000,1
45000,1
46000,1
47000,1
48000,2
49000,2
50000,2
51000,2
52000,2
53000,2
54000,2
55000,2
56000,2
57000,2
58000,2
59000,2
60000,2
61000,2
62000,3
63000,3
64000,3
65000,3
66000,3
67000,3
68000,3
69000,3
70000,3
71000,3
72000,3
73000,4
74000,4
75000,4
76000,4
77000,4
78000,4
79000,4
80000,4
81000,4
82000,4
83000,5
84000,5
85000,5
86000,5
87000,5
88000,5
89000,5
90000,5
91000,6
92000,6
93000,6
94000,6
95000,6
96000,6
97000,6
98000,7
99000,7
100000,7
101000,7
102000,7
103000,7
104000,8
105000,8
106000,8
107000,8
108000,8
109000,8
110000,9
111000,9
112000,9
113000,9
114000,9
115000,10
116000,10
117000,10
118000,10
119000,10
120000,11
121000,11
122000,11
123000,11
124000,11
125000,12
126000,12
127000,12
128000,12
129000,13
130000,13
131000,13
132000,13
133000,13
134000,14
135000,14
136000,14
137000,15
138000,15
139000,15
140000,15
141000,16
142000,16
143000,16
144000,16
145000,17
146000,17
147000,17
148000,17
149000,18
150000,18
151000,18
152000,19
153000,19
154000,19
155000,20
156000,20
157000,20
158000,20
159000,21
160000,21
161000,21
162000,22
163000,22
164000,22
165000,23
166000,23
167000,23
168000,24
169000,24
170000,24
171000,25
172000,25
173000,25
174000,26
175000,26
176000,26
177000,27
178000,27
179000,27
180000,28
181000,28
182000,28
183000,29
184000,29
185000,29
186000,30
187000,30
188000,30
189000,30
190000,31
191000,31
192000,31
193000,32
194000,32
195000,32
196000,33
197000,33
198000,33
199000,34
200000,34
201000,34
202000,35
203000,35
204000,35
205000,35
206000,36
207000,36
208000,36
209000,37
210000,37
211000,37
212000,37
213000,38
214000,38
215000,38
216000,39
217000,39
218000,39
219000,39
220000,40
221000,40
222000,40
223000,40
224000,40
225000,41
226000,41
227000,41
228000,41
229000,42
230000,42
231000,42
232000,42
233000,42
234000,42
235000,43
236000,43
237000,43
238000,43
239000,43
240000,43
241000,44
242000,44
243000,44
244000,44
245000,44
246000,44
247000,44
248000,45
249000,45
250000,45
251000,45
252000,45
253000,45
254000,45
255000,45
256000,45
257000,45
258000,45
259000,45
260000,45
261000,45
262000,46
263000,46
264000,46
265000,46
266000,46
267000,46
268000,46
269000,46
270000,46
271000,46
272000,46
273000,46
274000,45
275000,45
276000,45
277000,45
278000,45
279000,45
280000,45
281000,45
282000,45
283000,45
284000,45
285000,45
286000,45
287000,44
288000,44
289000,44
290000,44
291000,44
292000,44
293000,44
294000,43
295000,43
296000,43
297000,43
298000,43
299000,43
300000,42
301000,42
302000,42
303000,42
304000,42
305000,41
306000,41
307000,41
308000,41
309000,41
310000,40
311000,40
312000,40
313000,40
314000,39
315000,39
316000,39
317000,39
318000,38
319000,38
320000,38
321000,37
322000,37
323000,37
324000,37
325000,36
326000,36
327000,36
328000,35
329000,35
330000,35
331000,34
332000,34
333000,34
334000,34
335000,33
336000,33
337000,33
338000,32
339000,32
340000,32
341000,31
342000,31
343000,31
344000,30
345000,30
346000,30
347000,29
348000,29
349000,29
350000,28
351000,28
352000,28
353000,27
354000,27
355000,27
356000,26
357000,26
358000,26
359000,25
360000,25
361000,25
362000,24
363000,24
364000,24
365000,23
366000,23
367000,23
368000,23
369000,22
370000,22
371000,22
372000,21
373000,21
374000,21
375000,20
376000,20
377000,20
378000,19
379000,19
380000,19
381000,19
382000,18
383000,18
384000,18
385000,17
386000,17
387000,17
388000,16
389000,16
390000,16
391000,16
392000,15
393000,15
394000,15
395000,15
396000,14
397000,14
398000,14
399000,14
400000,13
401000,13
402000,13
403000,13
404000,12
405000,12
406000,12
407000,12
408000,11
409000,11
410000,11
411000,11
412000,10
413000,10
414000,10
415000,10
416000,10
417000,9
418000,9
419000,9
420000,9
421000,9
422000,8
423000,8
424000,8
425000,8
426000,8
427000,7
428000,7
429000,7
430000,7
431000,7
432000,7
433000,7
434000,6
435000,6
436000,6
437000,6
438000,6
439000,6
440000,5
441000,5
442000,5
443000,5
444000,5
445000,5
446000,5
447000,5
448000,4
449000,4
450000,4
451000,4
452000,4
453000,4
454000,4
455000,4
456000,4
457000,3
458000,3
459000,3
460000,3
461000,3
462000,3
463000,3
464000,3
465000,3
466000,3
467000,3
468000,3
469000,2
470000,2
471000,2
472000,2
473000,2
474000,2
475000,2
476000,2
477000,2
478000,2
479000,2
480000,2
481000,2
482000,2
483000,2
484000,1
485000,1
486000,1
487000,1
488000,1
489000,1
490000,1
491000,1
492000,1
493000,1
494000,1
495000,1
496000,1
497000,1
498000,1
499000,1
500000,1
501000,1
502000,1
503000,1
504000,1
505000,1
506000,0
507000,0
508000,0
509000,0
510000,0
511000,0
512000,0
513000,0
514000,0
515000,0
516000,0
517000,0
518000,0
519000,0
520000,0
521000,0
522000,0
523000,0
524000,0
525000,0
526000,0
527000,0
528000,0
529000,0
530000,0
531000,0
532000,0
533000,0
534000,0
535000,0
536000,0
537000,0
538000,0
539000,0
540000,0
541000,0
542000,0
543000,0
544000,0
545000,0
546000,0
547000,0
548000,0
549000,0
550000,0
551000,0
552000,0
553000,0
554000,0
555000,0
556000,0
557000,0
558000,0
559000,0
560000,0
561000,0
562000,0
563000,0
564000,0
565000,0
566000,0
567000,0
568000,0
569000,0
570000,0
571000,0
572000,0
573000,0
574000,0
575000,0
576000,0
577000,0
578000,0
579000,0
580000,0
581000,0
582000,0
583000,0
584000,0
585000,0
586000,0
587000,0
588000,0
589000,0
590000,0
591000,0
592000,0
593000,0
594000,0
595000,0
596000,0
597000,0
598000,0
599000,0
