time_step,occupancy
1000,0
2000,0
3000,0
4000,0
5000,0
6000,0
7000,0
8000,0
9000,0
10000,0
11000,0
12000,0
13000,0
14000,0
15000,0
16000,0
17000,0
18000,0
19000,0
20000,0
21000,0
22000,0
23000,0
24000,0
25000,0
26000,0
27000,0
28000,0
29000,0
30000,0
31000,0
32000,0
33000,0
34000,0
35000,0
36000,0
37000,0
38000,0
39000,0
40000,0
41000,0
42000,0
43000,0
44000,0
45000,1
46000,1
47000,1
48000,1
49000,1
50000,1
51000,1
52000,1
53000,1
54000,1
55000,1
56000,1
57000,1
58000,1
59000,1
60000,1
61000,1
62000,1
63000,1
64000,1
65000,1
66000,1
67000,1
68000,1
69000,2
70000,2
71000,2
72000,2
73000,2
74000,2
75000,2
76000,2
77000,2
78000,2
79000,2
80000,2
81000,2
82000,2
83000,2
84000,3
85000,3
86000,3
87000,3
88000,3
89000,3
90000,3
91000,3
92000,3
93000,3
94000,3
95000,4
96000,4
97000,4
98000,4
99000,4
100000,4
101000,4
102000,4
103000,4
104000,5
105000,5
106000,5
107000,5
108000,5
109000,5
110000,5
111000,5
112000,6
113000,6
114000,6
115000,6
116000,6
117000,6
118000,6
119000,7
120000,7
121000,7
122000,7
123000,7
124000,7
125000,8
126000,8
127000,8
128000,8
129000,8
130000,8
131000,9
132000,9
133000,9
134000,9
135000,9
136000,10
137000,10
138000,10
139000,10
140000,10
141000,11
142000,11
143000,11
144000,11
145000,11
146000,12
147000,12
148000,12
149000,12
150000,13
151000,13
152000,13
153000,13
154000,13
155000,14
156000,14
157000,14
158000,14
159000,15
160000,15
161000,15
162000,15
163000,16
164000,16
165000,16
166000,17
167000,17
168000,17
169000,17
170000,18
171000,18
172000,18
173000,18
174000,19
175000,19
176000,19
177000,20
178000,20
179000,20
180000,20
181000,21
182000,21
183000,21
184000,22
185000,22
186000,22
187000,22
188000,23
189000,23
190000,23
191000,24
192000,24
193000,24
194000,25
195000,25
196000,25
197000,25
198000,26
199000,26
200000,26
201000,27
202000,27
203000,27
204000,28
205000,28
206000,28
207000,28
208000,29
209000,29
210000,29
211000,30
212000,30
213000,30
214000,31
215000,31
216000,31
217000,31
218000,32
219000,32
220000,32
221000,33
222000,33
223000,33
224000,33
225000,34
226000,34
227000,34
228000,35
229000,35
230000,35
231000,35
232000,36
233000,36
234000,36
235000,36
236000,37
237000,37
238000,37
239000,37
240000,38
241000,38
242000,38
243000,38
244000,39
245000,39
246000,39
247000,39
248000,39
249000,40
250000,40
251000,40
252000,40
253000,40
254000,41
255000,41
256000,41
257000,41
258000,41
259000,42
260000,42
261000,42
262000,42
263000,42
264000,42
265000,42
266000,43
267000,43
268000,43
269000,43
270000,43
271000,43
272000,43
273000,43
274000,43
275000,44
276000,44
277000,44
278000,44
279000,44
280000,44
281000,44
282000,44
283000,44
284000,44
285000,44
286000,44
287000,44
288000,44
289000,44
290000,44
291000,44
292000,44
293000,44
294000,44
295000,44
296000,44
297000,44
298000,44
299000,44
300000,44
301000,44
302000,44
303000,44
304000,44
305000,44
306000,44
307000,44
308000,43
309000,43
310000,43
311000,43
312000,43
313000,43
314000,43
315000,43
316000,43
317000,42
318000,42
319000,42
320000,42
321000,42
322000,42
323000,41
324000,41
325000,41
326000,41
327000,41
328000,41
329000,40
330000,40
331000,40
332000,40
333000,40
334000,39
335000,39
336000,39
337000,39
338000,38
339000,38
340000,38
341000,38
342000,37
343000,37
344000,37
345000,37
346000,36
347000,36
348000,36
349000,36
350000,35
351000,35
352000,35
353000,35
354000,34
355000,34
356000,34
357000,33
358000,33
359000,33
360000,33
361000,32
362000,32
363000,32
364000,31
365000,31
366000,31
367000,30
368000,30
369000,30
370000,30
371000,29
372000,29
373000,29
374000,28
375000,28
376000,28
377000,27
378000,27
379000,27
380000,27
381000,26
382000,26
383000,26
384000,25
385000,25
386000,25
387000,24
388000,24
389000,24
390000,23
391000,23
392000,23
393000,23
394000,22
395000,22
396000,22
397000,21
398000,21
399000,21
400000,20
401000,20
402000,20
403000,20
404000,19
405000,19
406000,19
407000,18
408000,18
409000,18
410000,18
411000,17
412000,17
413000,17
414000,17
415000,16
416000,16
417000,16
418000,15
419000,15
420000,15
421000,15
422000,14
423000,14
424000,14
425000,14
426000,13
427000,13
428000,13
429000,13
430000,13
431000,12
432000,12
433000,12
434000,12
435000,11
436000,11
437000,11
438000,11
439000,11
440000,10
441000,10
442000,10
443000,10
444000,10
445000,9
446000,9
447000,9
448000,9
449000,9
450000,8
451000,8
452000,8
453000,8
454000,8
455000,8
456000,7
457000,7
458000,7
459000,7
460000,7
461000,7
462000,6
463000,6
464000,6
465000,6
466000,6
467000,6
468000,6
469000,5
470000,5
471000,5
472000,5
473000,5
474000,5
475000,5
476000,5
477000,4
478000,4
479000,4
480000,4
481000,4
482000,4
483000,4
484000,4
485000,4
486000,3
487000,3
488000,3
489000,3
490000,3
491000,3
492000,3
493000,3
494000,3
495000,3
496000,3
497000,2
498000,2
499000,2
500000,2
501000,2
502000,2
503000,2
504000,2
505000,2
506000,2
507000,2
508000,2
509000,2
510000,2
511000,2
512000,1
513000,1
514000,1
515000,1
516000,1
517000,1
518000,1
519000,1
520000,1
521000,1
522000,1
523000,1
524000,1
525000,1
526000,1
527000,1
528000,1
529000,1
530000,1
531000,1
532000,1
533000,1
534000,1
535000,1
536000,1
537000,0
538000,0
539000,0
540000,0
541000,0
542000,0
543000,0
544000,0
545000,0
546000,0
547000,0
548000,0
549000,0
550000,0
551000,0
552000,0
553000,0
554000,0
555000,0
556000,0
557000,0
558000,0
559000,0
560000,0
561000,0
562000,0
563000,0
564000,0
565000,0
566000,0
567000,0
568000,0
569000,0
570000,0
571000,0
572000,0
573000,0
574000,0
575000,0
576000,0
577000,0
578000,0
579000,0
580000,0
581000,0
582000,0
583000,0
584000,0
585000,0
586000,0
587000,0
588000,0
589000,0
590000,0
591000,0
592000,0
593000,0
594000,0
595000,0
596000,0
597000,0
598000,0
599000,0
