time_step,occupancy
1000,1
2000,1
3000,1
4000,1
5000,1
6000,1
7000,1
8000,1
9000,1
10000,1
11000,1
12000,1
13000,1
14000,1
15000,1
16000,1
17000,1
18000,1
19000,1
20000,1
21000,1
22000,1
23000,1
24000,1
25000,1
26000,1
27000,1
28000,1
29000,1
30000,1
31000,1
32000,1
33000,1
34000,1
35000,1
36000,1
37000,2
38000,2
39000,2
40000,2
41000,2
42000,2
43000,2
44000,2
45000,2
46000,2
47000,2
48000,2
49000,2
50000,2
51000,2
52000,2
53000,2
54000,2
55000,2
56000,2
57000,2
58000,3
59000,3
60000,3
61000,3
62000,3
63000,3
64000,3
65000,3
66000,3
67000,3
68000,3
69000,3
70000,3
71000,3
72000,4
73000,4
74000,4
75000,4
76000,4
77000,4
78000,4
79000,4
80000,4
81000,4
82000,4
83000,5
84000,5
85000,5
86000,5
87000,5
88000,5
89000,5
90000,5
91000,5
92000,5
93000,6
94000,6
95000,6
96000,6
97000,6
98000,6
99000,6
100000,6
101000,7
102000,7
103000,7
104000,7
105000,7
106000,7
107000,7
108000,8
109000,8
110000,8
111000,8
112000,8
113000,8
114000,8
115000,9
116000,9
117000,9
118000,9
119000,9
120000,9
121000,10
122000,10
123000,10
124000,10
125000,10
126000,10
127000,11
128000,11
129000,11
130000,11
131000,11
132000,11
133000,12
134000,12
135000,12
136000,12
137000,12
138000,13
139000,13
140000,13
141000,13
142000,13
143000,14
144000,14
145000,14
146000,14
147000,14
148000,15
149000,15
150000,15
151000,15
152000,15
153000,16
154000,16
155000,16
156000,16
157000,17
158000,17
159000,17
160000,17
161000,17
162000,18
163000,18
164000,18
165000,18
166000,19
167000,19
168000,19
169000,19
170000,20
171000,20
172000,20
173000,20
174000,20
175000,21
176000,21
177000,21
178000,21
179000,22
180000,22
181000,22
182000,22
183000,23
184000,23
185000,23
186000,23
187000,24
188000,24
189000,24
190000,24
191000,25
192000,25
193000,25
194000,25
195000,26
196000,26
197000,26
198000,26
199000,27
200000,27
201000,27
202000,27
203000,28
204000,28
205000,28
206000,28
207000,28
208000,29
209000,29
210000,29
211000,29
212000,30
213000,30
214000,30
215000,30
216000,31
217000,31
218000,31
219000,31
220000,31
221000,32
222000,32
223000,32
224000,32
225000,33
226000,33
227000,33
228000,33
229000,33
230000,34
231000,34
232000,34
233000,34
234000,34
235000,34
236000,35
237000,35
238000,35
239000,35
240000,35
241000,36
242000,36
243000,36
244000,36
245000,36
246000,36
247000,37
248000,37
249000,37
250000,37
251000,37
252000,37
253000,37
254000,37
255000,38
256000,38
257000,38
258000,38
259000,38
260000,38
261000,38
262000,38
263000,38
264000,39
265000,39
266000,39
267000,39
268000,39
269000,39
270000,39
271000,39
272000,39
273000,39
274000,39
275000,39
276000,39
277000,39
278000,39
279000,40
280000,40
281000,40
282000,40
283000,40
284000,40
285000,40
286000,40
287000,40
288000,40
289000,40
290000,40
291000,40
292000,40
293000,40
294000,40
295000,40
296000,39
297000,39
298000,39
299000,39
300000,39
301000,39
302000,39
303000,39
304000,39
305000,39
306000,39
307000,39
308000,39
309000,39
310000,39
311000,38
312000,38
313000,38
314000,38
315000,38
316000,38
317000,38
318000,38
319000,38
320000,38
321000,37
322000,37
323000,37
324000,37
325000,37
326000,37
327000,37
328000,36
329000,36
330000,36
331000,36
332000,36
333000,36
334000,35
335000,35
336000,35
337000,35
338000,35
339000,35
340000,34
341000,34
342000,34
343000,34
344000,34
345000,33
346000,33
347000,33
348000,33
349000,33
350000,32
351000,32
352000,32
353000,32
354000,32
355000,31
356000,31
357000,31
358000,31
359000,30
360000,30
361000,30
362000,30
363000,30
364000,29
365000,29
366000,29
367000,29
368000,28
369000,28
370000,28
371000,28
372000,27
373000,27
374000,27
375000,27
376000,26
377000,26
378000,26
379000,26
380000,25
381000,25
382000,25
383000,25
384000,24
385000,24
386000,24
387000,24
388000,24
389000,23
390000,23
391000,23
392000,23
393000,22
394000,22
395000,22
396000,22
397000,21
398000,21
399000,21
400000,21
401000,20
402000,20
403000,20
404000,20
405000,19
406000,19
407000,19
408000,19
409000,18
410000,18
411000,18
412000,18
413000,17
414000,17
415000,17
416000,17
417000,17
418000,16
419000,16
420000,16
421000,16
422000,15
423000,15
424000,15
425000,15
426000,15
427000,14
428000,14
429000,14
430000,14
431000,13
432000,13
433000,13
434000,13
435000,13
436000,12
437000,12
438000,12
439000,12
440000,12
441000,12
442000,11
443000,11
444000,11
445000,11
446000,11
447000,10
448000,10
449000,10
450000,10
451000,10
452000,10
453000,9
454000,9
455000,9
456000,9
457000,9
458000,9
459000,8
460000,8
461000,8
462000,8
463000,8
464000,8
465000,7
466000,7
467000,7
468000,7
469000,7
470000,7
471000,7
472000,6
473000,6
474000,6
475000,6
476000,6
477000,6
478000,6
479000,6
480000,5
481000,5
482000,5
483000,5
484000,5
485000,5
486000,5
487000,5
488000,5
489000,4
490000,4
491000,4
492000,4
493000,4
494000,4
495000,4
496000,4
497000,4
498000,4
499000,4
500000,3
501000,3
502000,3
503000,3
504000,3
505000,3
506000,3
507000,3
508000,3
509000,3
510000,3
511000,3
512000,3
513000,2
514000,2
515000,2
516000,2
517000,2
518000,2
519000,2
520000,2
521000,2
522000,2
523000,2
524000,2
525000,2
526000,2
527000,2
528000,2
529000,2
530000,1
531000,1
532000,1
533000,1
534000,1
535000,1
536000,1
537000,1
538000,1
539000,1
540000,1
541000,1
542000,1
543000,1
544000,1
545000,1
546000,1
547000,1
548000,1
549000,1
550000,1
551000,1
552000,1
553000,1
554000,1
555000,1
556000,1
557000,1
558000,0
559000,0
560000,0
561000,0
562000,0
563000,0
564000,0
565000,0
566000,0
567000,0
568000,0
569000,0
570000,0
571000,0
572000,0
573000,0
574000,0
575000,0
576000,0
577000,0
578000,0
579000,0
580000,0
581000,0
582000,0
583000,0
584000,0
585000,0
586000,0
587000,0
588000,0
589000,0
590000,0
591000,0
592000,0
593000,0
594000,0
595000,0
596000,0
597000,0
598000,0
599000,0
