time_step,occupancy
1000,0
2000,0
3000,0
4000,0
5000,0
6000,0
7000,0
8000,0
9000,0
10000,0
11000,0
12000,0
13000,0
14000,0
15000,0
16000,0
17000,0
18000,0
19000,0
20000,0
21000,0
22000,0
23000,0
24000,0
25000,0
26000,0
27000,0
28000,0
29000,0
30000,0
31000,0
32000,0
33000,0
34000,0
35000,0
36000,0
37000,0
38000,0
39000,0
40000,0
41000,0
42000,0
43000,0
44000,0
45000,0
46000,0
47000,0
48000,0
49000,0
50000,0
51000,0
52000,0
53000,0
54000,0
55000,0
56000,0
57000,0
58000,0
59000,0
60000,0
61000,0
62000,0
63000,0
64000,0
65000,0
66000,0
67000,0
68000,0
69000,0
70000,0
71000,0
72000,0
73000,0
74000,0
75000,0
76000,0
77000,0
78000,0
79000,0
80000,0
81000,0
82000,0
83000,0
84000,0
85000,1
86000,1
87000,1
88000,1
89000,1
90000,1
91000,1
92000,1
93000,1
94000,1
95000,1
96000,1
97000,1
98000,1
99000,1
100000,1
101000,1
102000,1
103000,1
104000,1
105000,2
106000,2
107000,2
108000,2
109000,2
110000,2
111000,2
112000,2
113000,2
114000,2
115000,2
116000,2
117000,3
118000,3
119000,3
120000,3
121000,3
122000,3
123000,3
124000,3
125000,3
126000,4
127000,4
128000,4
129000,4
130000,4
131000,4
132000,4
133000,4
134000,5
135000,5
136000,5
137000,5
138000,5
139000,5
140000,6
141000,6
142000,6
143000,6
144000,6
145000,6
146000,7
147000,7
148000,7
149000,7
150000,7
151000,7
152000,8
153000,8
154000,8
155000,8
156000,8
157000,9
158000,9
159000,9
160000,9
161000,10
162000,10
163000,10
164000,10
165000,11
166000,11
167000,11
168000,11
169000,12
170000,12
171000,12
172000,12
173000,13
174000,13
175000,13
176000,13
177000,14
178000,14
179000,14
180000,14
181000,15
182000,15
183000,15
184000,16
185000,16
186000,16
187000,17
188000,17
189000,17
190000,18
191000,18
192000,18
193000,18
194000,19
195000,19
196000,19
197000,20
198000,20
199000,20
200000,21
201000,21
202000,22
203000,22
204000,22
205000,23
206000,23
207000,23
208000,24
209000,24
210000,24
211000,25
212000,25
213000,25
214000,26
215000,26
216000,27
217000,27
218000,27
219000,28
220000,28
221000,28
222000,29
223000,29
224000,29
225000,30
226000,30
227000,31
228000,31
229000,31
230000,32
231000,32
232000,32
233000,33
234000,33
235000,34
236000,34
237000,34
238000,35
239000,35
240000,35
241000,36
242000,36
243000,36
244000,37
245000,37
246000,37
247000,38
248000,38
249000,38
250000,39
251000,39
252000,39
253000,40
254000,40
255000,40
256000,41
257000,41
258000,41
259000,42
260000,42
261000,42
262000,43
263000,43
264000,43
265000,43
266000,44
267000,44
268000,44
269000,44
270000,45
271000,45
272000,45
273000,45
274000,46
275000,46
276000,46
277000,46
278000,47
279000,47
280000,47
281000,47
282000,47
283000,48
284000,48
285000,48
286000,48
287000,48
288000,48
289000,48
290000,49
291000,49
292000,49
293000,49
294000,49
295000,49
296000,49
297000,49
298000,49
299000,49
300000,49
301000,49
302000,49
303000,49
304000,49
305000,49
306000,49
307000,49
308000,49
309000,49
310000,49
311000,49
312000,49
313000,49
314000,49
315000,49
316000,49
317000,49
318000,49
319000,49
320000,48
321000,48
322000,48
323000,48
324000,48
325000,48
326000,48
327000,47
328000,47
329000,47
330000,47
331000,47
332000,47
333000,46
334000,46
335000,46
336000,46
337000,45
338000,45
339000,45
340000,45
341000,44
342000,44
343000,44
344000,44
345000,43
346000,43
347000,43
348000,43
349000,42
350000,42
351000,42
352000,41
353000,41
354000,41
355000,40
356000,40
357000,40
358000,39
359000,39
360000,39
361000,38
362000,38
363000,38
364000,37
365000,37
366000,37
367000,36
368000,36
369000,36
370000,35
371000,35
372000,35
373000,34
374000,34
375000,33
376000,33
377000,33
378000,32
379000,32
380000,32
381000,31
382000,31
383000,30
384000,30
385000,30
386000,29
387000,29
388000,29
389000,28
390000,28
391000,28
392000,27
393000,27
394000,26
395000,26
396000,26
397000,25
398000,25
399000,25
400000,24
401000,24
402000,23
403000,23
404000,23
405000,22
406000,22
407000,22
408000,21
409000,21
410000,21
411000,20
412000,20
413000,20
414000,19
415000,19
416000,19
417000,18
418000,18
419000,18
420000,17
421000,17
422000,17
423000,16
424000,16
425000,16
426000,15
427000,15
428000,15
429000,15
430000,14
431000,14
432000,14
433000,13
434000,13
435000,13
436000,13
437000,12
438000,12
439000,12
440000,12
441000,11
442000,11
443000,11
444000,11
445000,10
446000,10
447000,10
448000,10
449000,9
450000,9
451000,9
452000,9
453000,9
454000,8
455000,8
456000,8
457000,8
458000,8
459000,7
460000,7
461000,7
462000,7
463000,7
464000,6
465000,6
466000,6
467000,6
468000,6
469000,6
470000,5
471000,5
472000,5
473000,5
474000,5
475000,5
476000,5
477000,4
478000,4
479000,4
480000,4
481000,4
482000,4
483000,4
484000,4
485000,3
486000,3
487000,3
488000,3
489000,3
490000,3
491000,3
492000,3
493000,3
494000,2
495000,2
496000,2
497000,2
498000,2
499000,2
500000,2
501000,2
502000,2
503000,2
504000,2
505000,2
506000,2
507000,1
508000,1
509000,1
510000,1
511000,1
512000,1
513000,1
514000,1
515000,1
516000,1
517000,1
518000,1
519000,1
520000,1
521000,1
522000,1
523000,1
524000,1
525000,1
526000,1
527000,0
528000,0
529000,0
530000,0
531000,0
532000,0
533000,0
534000,0
535000,0
536000,0
537000,0
538000,0
539000,0
540000,0
541000,0
542000,0
543000,0
544000,0
545000,0
546000,0
547000,0
548000,0
549000,0
550000,0
551000,0
552000,0
553000,0
554000,0
555000,0
556000,0
557000,0
558000,0
559000,0
560000,0
561000,0
562000,0
563000,0
564000,0
565000,0
566000,0
567000,0
568000,0
569000,0
570000,0
571000,0
572000,0
573000,0
574000,0
575000,0
576000,0
577000,0
578000,0
579000,0
580000,0
581000,0
582000,0
583000,0
584000,0
585000,0
586000,0
587000,0
588000,0
589000,0
590000,0
591000,0
592000,0
593000,0
594000,0
595000,0
596000,0
597000,0
598000,0
599000,0
